phi=2.5;
w=2000;
D=1.2;
v=50;
Cr=0.004;
Cd=0.5;
a=0.7;
time=2;