k=24000;
m=700;
C=1100;
