J=0.02;
b=0.2;
K=0.02;
R=2;
L=0.5;